93600001
93904000
37010040
93610004
93918100
33613100
1362f00f
23204100
f3925030
93821200
93821200
13648000
93640008
73150430
f3954430
93822200
93822200
00000000
00000000
00000000
00000000
00000000
00000000
00000000
00000000
00000000
00000000
00000000
00000000
00000000
00000000
00000000
00000000
00000000
00000000
00000000
00000000
00000000
00000000
00000000
00000000
00000000
00000000
00000000
00000000
00000000
00000000
00000000
00000000
00000000
00000000
00000000
00000000
00000000
00000000
00000000
00000000
00000000
00000000
00000000
00000000
00000000
00000000
00000000
33634000
33026200
23204100
73561034
93635000
73002030
93835300
