+-------------------------------------------------------------------------------------------------------------------------------------------------------------------------------------------------------------------------+
; Legal Partition Candidates                                                                                                                                                                                              ;
+--------------------+-------+----------------+--------------+----------------+--------+-----------------+---------------+-----------------+-------+----------------+--------------+------------------+-------------------+
; Hierarchy          ; Input ; Constant Input ; Unused Input ; Floating Input ; Output ; Constant Output ; Unused Output ; Floating Output ; Bidir ; Constant Bidir ; Unused Bidir ; Input only Bidir ; Output only Bidir ;
+--------------------+-------+----------------+--------------+----------------+--------+-----------------+---------------+-----------------+-------+----------------+--------------+------------------+-------------------+
; inst_rom0          ; 33    ; 0              ; 15           ; 0              ; 32     ; 0               ; 0             ; 0               ; 0     ; 0              ; 0            ; 0                ; 0                 ;
; openmips0|csr0     ; 124   ; 0              ; 0            ; 0              ; 193    ; 0               ; 0             ; 0               ; 0     ; 0              ; 0            ; 0                ; 0                 ;
; openmips0|div0     ; 69    ; 1              ; 0            ; 1              ; 65     ; 1               ; 1             ; 1               ; 0     ; 0              ; 0            ; 0                ; 0                 ;
; openmips0|ctrl0    ; 99    ; 2              ; 32           ; 2              ; 39     ; 2               ; 2             ; 2               ; 0     ; 0              ; 0            ; 0                ; 0                 ;
; openmips0|mem_wb0  ; 92    ; 0              ; 4            ; 0              ; 83     ; 0               ; 0             ; 0               ; 0     ; 0              ; 0            ; 0                ; 0                 ;
; openmips0|mem0     ; 425   ; 28             ; 122          ; 28             ; 249    ; 28              ; 28            ; 28              ; 0     ; 0              ; 0            ; 0                ; 0                 ;
; openmips0|ex_mem0  ; 228   ; 0              ; 4            ; 0              ; 219    ; 0               ; 0             ; 0               ; 0     ; 0              ; 0            ; 0                ; 0                 ;
; openmips0|ex0      ; 397   ; 9              ; 17           ; 9              ; 298    ; 9               ; 9             ; 9               ; 0     ; 0              ; 0            ; 0                ; 0                 ;
; openmips0|id_ex0   ; 218   ; 0              ; 4            ; 0              ; 209    ; 0               ; 0             ; 0               ; 0     ; 0              ; 0            ; 0                ; 0                 ;
; openmips0|regfile1 ; 52    ; 0              ; 0            ; 0              ; 64     ; 0               ; 0             ; 0               ; 0     ; 0              ; 0            ; 0                ; 0                 ;
; openmips0|id0      ; 213   ; 29             ; 0            ; 29             ; 255    ; 29              ; 29            ; 29              ; 0     ; 0              ; 0            ; 0                ; 0                 ;
; openmips0|if_id0   ; 73    ; 0              ; 4            ; 0              ; 64     ; 0               ; 0             ; 0               ; 0     ; 0              ; 0            ; 0                ; 0                 ;
; openmips0|pc_reg0  ; 74    ; 0              ; 5            ; 0              ; 33     ; 0               ; 0             ; 0               ; 0     ; 0              ; 0            ; 0                ; 0                 ;
; openmips0          ; 67    ; 0              ; 0            ; 0              ; 136    ; 0               ; 0             ; 0               ; 0     ; 0              ; 0            ; 0                ; 0                 ;
+--------------------+-------+----------------+--------------+----------------+--------+-----------------+---------------+-----------------+-------+----------------+--------------+------------------+-------------------+
