93600010
73905030
13010008
f3210030
b3e12100
73900130
6f008003
13631000
00000000
00000000
00000000
00000000
00000000
00000000
00000000
00000000
00000000
00000000
00000000
00000000
93623000
17030000
e7000300
9364f00f
73214030
13675000
6f000000
00000000
00000000
00000000
00000000
00000000
1362f000
f3220030
73231034
f3232034
73901034
73002030
1366f000
67800000
9366f000
00000000
00000000
00000000
00000000
00000000
00000000
00000000
00000000
00000000
00000000
00000000
00000000
00000000
00000000
00000000
00000000
00000000
00000000
00000000
00000000
00000000
00000000
00000000
13650002
f3251034
93854500
73901534
73002030
